0
1
2
4
6
10
14
21
29
41
55
76
100
134
175
230
296
384
489
626
791
1001
1254
1574
1957
2435
3009
3717
4564
5603
6841
8348
10142
12309
14882
17976
21636
26014
31184
37337
44582
53173
63260
75174
89133
105557
124753
147272
173524
204225
239942
281588
329930
386154
451275
526822
614153
715219
831819
966466
1121504
1300155
1505498
1741629
2012557
2323519
2679688
3087734
3554344
4087967
4697204
5392782
6185688
7089499
8118263
9289090
10619862
12132163
13848649
15796475
18004326
20506254
23338468
26543659
30167356
34262961
38887672
44108108
49995924
56634172
64112358
72533806
82010176
92669719
104651418
118114303
133230929
150198135
169229874
190569291
214481125
241265378
271248949
304801364
342325709
384276335
431149388
483502840
541946233
607163731
679903179
761002114
851376564
952050565
1064144305
1188908033
1327709773
1482073714
1653668076
1844348751
2056146962
2291319449
2552336306
2841937946
3163124021
3519218360
3913858713
4351071429
4835262728
5371303778
5964524824
6620812399
7346606347
8149011754
9035800086
10015537040
11097589871
12292273879
13610866459
15065775929
16670564408
18440141269
20390798037
22540430510
24908587237
27516725848
30388278612
33548946825
37026788475
40852557032
45059814422
49685322377
54769186561
60355307049
66491561482
73230324320
80628695120
88749098930
97659569176
107434439905
118154695697
129908770783
142792976702
156912426839
172381557262
189325194125
207879187136
228191642875
250423689173
274750902690
301364228841
330471631344
362299198232
397093049068
435120657286
476673058018
522066425960
571644627815
625781103243
684881816746
749387490869
819777023149
896570133217
980331313562
1071672964605
1171259963692
1279813366666
1398115694823
1527015299452
1667432473997
1820364596079
1986893193987
2168189990277
2365525074545
2580273998381
2813927219905
3068098426631
3344535449234
3645130006148
3971930317109


